7,1  1
7,2  1
7,3  1
7,4  1
7,5  1
7,6  1
8,2  1
8,3  1
8,4  1
8,5  1
8,6  1
9,3  1
9,4  1
9,5  1
9,6  1
10,4  1
10,5  1
10,6  1
11,5  1
11,6  1
12,6  1
14,1  1
14,2  1
14,3  1
14,4  1
14,5  1
14,6  1
14,8  1
14,9  1
14,10  1
14,11  1
14,12  1
14,13  1
15,2  1
15,3  1
15,4  1
15,5  1
15,6  1
15,9  1
15,10  1
15,11  1
15,12  1
15,13  1
16,3  1
16,4  1
16,5  1
16,6  1
16,10  1
16,11  1
16,12  1
16,13  1
17,4  1
17,5  1
17,6  1
17,11  1
17,12  1
17,13  1
18,5  1
18,6  1
18,12  1
18,13  1
19,6  1
19,13  1
21,1  1
21,2  1
21,3  1
21,4  1
21,5  1
21,6  1
21,8  1
21,9  1
21,10  1
21,11  1
21,12  1
21,13  1
21,15  1
21,16  1
21,17  1
21,18  1
21,19  1
21,20  1
22,2  1
22,3  1
22,4  1
22,5  1
22,6  1
22,9  1
22,10  1
22,11  1
22,12  1
22,13  1
22,16  1
22,17  1
22,18  1
22,19  1
22,20  1
23,3  1
23,4  1
23,5  1
23,6  1
23,10  1
23,11  1
23,12  1
23,13  1
23,17  1
23,18  1
23,19  1
23,20  1
24,4  1
24,5  1
24,6  1
24,11  1
24,12  1
24,13  1
24,18  1
24,19  1
24,20  1
25,5  1
25,6  1
25,12  1
25,13  1
25,19  1
25,20  1
26,6  1
26,13  1
26,20  1
28,1  1
28,2  1
28,3  1
28,4  1
28,5  1
28,6  1
28,8  1
28,9  1
28,10  1
28,11  1
28,12  1
28,13  1
28,15  1
28,16  1
28,17  1
28,18  1
28,19  1
28,20  1
28,22  1
28,23  1
28,24  1
28,25  1
28,26  1
28,27  1
29,2  1
29,3  1
29,4  1
29,5  1
29,6  1
29,9  1
29,10  1
29,11  1
29,12  1
29,13  1
29,16  1
29,17  1
29,18  1
29,19  1
29,20  1
29,23  1
29,24  1
29,25  1
29,26  1
29,27  1
30,3  1
30,4  1
30,5  1
30,6  1
30,10  1
30,11  1
30,12  1
30,13  1
30,17  1
30,18  1
30,19  1
30,20  1
30,24  1
30,25  1
30,26  1
30,27  1
31,4  1
31,5  1
31,6  1
31,11  1
31,12  1
31,13  1
31,18  1
31,19  1
31,20  1
31,25  1
31,26  1
31,27  1
32,5  1
32,6  1
32,12  1
32,13  1
32,19  1
32,20  1
32,26  1
32,27  1
33,6  1
33,13  1
33,20  1
33,27  1
35,1  1
35,2  1
35,3  1
35,4  1
35,5  1
35,6  1
35,8  1
35,9  1
35,10  1
35,11  1
35,12  1
35,13  1
35,15  1
35,16  1
35,17  1
35,18  1
35,19  1
35,20  1
35,22  1
35,23  1
35,24  1
35,25  1
35,26  1
35,27  1
35,29  1
35,30  1
35,31  1
35,32  1
35,33  1
35,34  1
36,2  1
36,3  1
36,4  1
36,5  1
36,6  1
36,9  1
36,10  1
36,11  1
36,12  1
36,13  1
36,16  1
36,17  1
36,18  1
36,19  1
36,20  1
36,23  1
36,24  1
36,25  1
36,26  1
36,27  1
36,30  1
36,31  1
36,32  1
36,33  1
36,34  1
37,3  1
37,4  1
37,5  1
37,6  1
37,10  1
37,11  1
37,12  1
37,13  1
37,17  1
37,18  1
37,19  1
37,20  1
37,24  1
37,25  1
37,26  1
37,27  1
37,31  1
37,32  1
37,33  1
37,34  1
38,4  1
38,5  1
38,6  1
38,11  1
38,12  1
38,13  1
38,18  1
38,19  1
38,20  1
38,25  1
38,26  1
38,27  1
38,32  1
38,33  1
38,34  1
39,5  1
39,6  1
39,12  1
39,13  1
39,19  1
39,20  1
39,26  1
39,27  1
39,33  1
39,34  1
40,6  1
40,13  1
40,20  1
40,27  1
40,34  1
42,1  1
42,2  1
42,3  1
42,4  1
42,5  1
42,6  1
42,8  1
42,9  1
42,10  1
42,11  1
42,12  1
42,13  1
42,15  1
42,16  1
42,17  1
42,18  1
42,19  1
42,20  1
42,22  1
42,23  1
42,24  1
42,25  1
42,26  1
42,27  1
42,29  1
42,30  1
42,31  1
42,32  1
42,33  1
42,34  1
42,36  1
42,37  1
42,38  1
42,39  1
42,40  1
42,41  1
43,2  1
43,3  1
43,4  1
43,5  1
43,6  1
43,9  1
43,10  1
43,11  1
43,12  1
43,13  1
43,16  1
43,17  1
43,18  1
43,19  1
43,20  1
43,23  1
43,24  1
43,25  1
43,26  1
43,27  1
43,30  1
43,31  1
43,32  1
43,33  1
43,34  1
43,37  1
43,38  1
43,39  1
43,40  1
43,41  1
44,3  1
44,4  1
44,5  1
44,6  1
44,10  1
44,11  1
44,12  1
44,13  1
44,17  1
44,18  1
44,19  1
44,20  1
44,24  1
44,25  1
44,26  1
44,27  1
44,31  1
44,32  1
44,33  1
44,34  1
44,38  1
44,39  1
44,40  1
44,41  1
45,4  1
45,5  1
45,6  1
45,11  1
45,12  1
45,13  1
45,18  1
45,19  1
45,20  1
45,25  1
45,26  1
45,27  1
45,32  1
45,33  1
45,34  1
45,39  1
45,40  1
45,41  1
46,5  1
46,6  1
46,12  1
46,13  1
46,19  1
46,20  1
46,26  1
46,27  1
46,33  1
46,34  1
46,40  1
46,41  1
47,6  1
47,13  1
47,20  1
47,27  1
47,34  1
47,41  1
49,1  1
49,2  1
49,3  1
49,4  1
49,5  1
49,6  1
49,8  1
49,9  1
49,10  1
49,11  1
49,12  1
49,13  1
49,15  1
49,16  1
49,17  1
49,18  1
49,19  1
49,20  1
49,22  1
49,23  1
49,24  1
49,25  1
49,26  1
49,27  1
49,29  1
49,30  1
49,31  1
49,32  1
49,33  1
49,34  1
49,36  1
49,37  1
49,38  1
49,39  1
49,40  1
49,41  1
49,43  1
49,44  1
49,45  1
49,46  1
49,47  1
49,48  1
50,2  1
50,3  1
50,4  1
50,5  1
50,6  1
50,9  1
50,10  1
50,11  1
50,12  1
50,13  1
50,16  1
50,17  1
50,18  1
50,19  1
50,20  1
50,23  1
50,24  1
50,25  1
50,26  1
50,27  1
50,30  1
50,31  1
50,32  1
50,33  1
50,34  1
50,37  1
50,38  1
50,39  1
50,40  1
50,41  1
50,44  1
50,45  1
50,46  1
50,47  1
50,48  1
51,3  1
51,4  1
51,5  1
51,6  1
51,10  1
51,11  1
51,12  1
51,13  1
51,17  1
51,18  1
51,19  1
51,20  1
51,24  1
51,25  1
51,26  1
51,27  1
51,31  1
51,32  1
51,33  1
51,34  1
51,38  1
51,39  1
51,40  1
51,41  1
51,45  1
51,46  1
51,47  1
51,48  1
52,4  1
52,5  1
52,6  1
52,11  1
52,12  1
52,13  1
52,18  1
52,19  1
52,20  1
52,25  1
52,26  1
52,27  1
52,32  1
52,33  1
52,34  1
52,39  1
52,40  1
52,41  1
52,46  1
52,47  1
52,48  1
53,5  1
53,6  1
53,12  1
53,13  1
53,19  1
53,20  1
53,26  1
53,27  1
53,33  1
53,34  1
53,40  1
53,41  1
53,47  1
53,48  1
54,6  1
54,13  1
54,20  1
54,27  1
54,34  1
54,41  1
54,48  1
56,1  1
56,2  1
56,3  1
56,4  1
56,5  1
56,6  1
56,8  1
56,9  1
56,10  1
56,11  1
56,12  1
56,13  1
56,15  1
56,16  1
56,17  1
56,18  1
56,19  1
56,20  1
56,22  1
56,23  1
56,24  1
56,25  1
56,26  1
56,27  1
56,29  1
56,30  1
56,31  1
56,32  1
56,33  1
56,34  1
56,36  1
56,37  1
56,38  1
56,39  1
56,40  1
56,41  1
56,43  1
56,44  1
56,45  1
56,46  1
56,47  1
56,48  1
56,50  1
56,51  1
56,52  1
56,53  1
56,54  1
56,55  1
57,2  1
57,3  1
57,4  1
57,5  1
57,6  1
57,9  1
57,10  1
57,11  1
57,12  1
57,13  1
57,16  1
57,17  1
57,18  1
57,19  1
57,20  1
57,23  1
57,24  1
57,25  1
57,26  1
57,27  1
57,30  1
57,31  1
57,32  1
57,33  1
57,34  1
57,37  1
57,38  1
57,39  1
57,40  1
57,41  1
57,44  1
57,45  1
57,46  1
57,47  1
57,48  1
57,51  1
57,52  1
57,53  1
57,54  1
57,55  1
58,3  1
58,4  1
58,5  1
58,6  1
58,10  1
58,11  1
58,12  1
58,13  1
58,17  1
58,18  1
58,19  1
58,20  1
58,24  1
58,25  1
58,26  1
58,27  1
58,31  1
58,32  1
58,33  1
58,34  1
58,38  1
58,39  1
58,40  1
58,41  1
58,45  1
58,46  1
58,47  1
58,48  1
58,52  1
58,53  1
58,54  1
58,55  1
59,4  1
59,5  1
59,6  1
59,11  1
59,12  1
59,13  1
59,18  1
59,19  1
59,20  1
59,25  1
59,26  1
59,27  1
59,32  1
59,33  1
59,34  1
59,39  1
59,40  1
59,41  1
59,46  1
59,47  1
59,48  1
59,53  1
59,54  1
59,55  1
60,5  1
60,6  1
60,12  1
60,13  1
60,19  1
60,20  1
60,26  1
60,27  1
60,33  1
60,34  1
60,40  1
60,41  1
60,47  1
60,48  1
60,54  1
60,55  1
61,6  1
61,13  1
61,20  1
61,27  1
61,34  1
61,41  1
61,48  1
61,55  1
63,1  1
63,2  1
63,3  1
63,4  1
63,5  1
63,6  1
63,8  1
63,9  1
63,10  1
63,11  1
63,12  1
63,13  1
63,15  1
63,16  1
63,17  1
63,18  1
63,19  1
63,20  1
63,22  1
63,23  1
63,24  1
63,25  1
63,26  1
63,27  1
63,29  1
63,30  1
63,31  1
63,32  1
63,33  1
63,34  1
63,36  1
63,37  1
63,38  1
63,39  1
63,40  1
63,41  1
63,43  1
63,44  1
63,45  1
63,46  1
63,47  1
63,48  1
63,50  1
63,51  1
63,52  1
63,53  1
63,54  1
63,55  1
63,57  1
63,58  1
63,59  1
63,60  1
63,61  1
63,62  1
64,2  1
64,3  1
64,4  1
64,5  1
64,6  1
64,9  1
64,10  1
64,11  1
64,12  1
64,13  1
64,16  1
64,17  1
64,18  1
64,19  1
64,20  1
64,23  1
64,24  1
64,25  1
64,26  1
64,27  1
64,30  1
64,31  1
64,32  1
64,33  1
64,34  1
64,37  1
64,38  1
64,39  1
64,40  1
64,41  1
64,44  1
64,45  1
64,46  1
64,47  1
64,48  1
64,51  1
64,52  1
64,53  1
64,54  1
64,55  1
64,58  1
64,59  1
64,60  1
64,61  1
64,62  1
65,3  1
65,4  1
65,5  1
65,6  1
65,10  1
65,11  1
65,12  1
65,13  1
65,17  1
65,18  1
65,19  1
65,20  1
65,24  1
65,25  1
65,26  1
65,27  1
65,31  1
65,32  1
65,33  1
65,34  1
65,38  1
65,39  1
65,40  1
65,41  1
65,45  1
65,46  1
65,47  1
65,48  1
65,52  1
65,53  1
65,54  1
65,55  1
65,59  1
65,60  1
65,61  1
65,62  1
66,4  1
66,5  1
66,6  1
66,11  1
66,12  1
66,13  1
66,18  1
66,19  1
66,20  1
66,25  1
66,26  1
66,27  1
66,32  1
66,33  1
66,34  1
66,39  1
66,40  1
66,41  1
66,46  1
66,47  1
66,48  1
66,53  1
66,54  1
66,55  1
66,60  1
66,61  1
66,62  1
67,5  1
67,6  1
67,12  1
67,13  1
67,19  1
67,20  1
67,26  1
67,27  1
67,33  1
67,34  1
67,40  1
67,41  1
67,47  1
67,48  1
67,54  1
67,55  1
67,61  1
67,62  1
68,6  1
68,13  1
68,20  1
68,27  1
68,34  1
68,41  1
68,48  1
68,55  1
68,62  1
70,1  1
70,2  1
70,3  1
70,4  1
70,5  1
70,6  1
70,8  1
70,9  1
70,10  1
70,11  1
70,12  1
70,13  1
70,15  1
70,16  1
70,17  1
70,18  1
70,19  1
70,20  1
70,22  1
70,23  1
70,24  1
70,25  1
70,26  1
70,27  1
70,29  1
70,30  1
70,31  1
70,32  1
70,33  1
70,34  1
70,36  1
70,37  1
70,38  1
70,39  1
70,40  1
70,41  1
70,43  1
70,44  1
70,45  1
70,46  1
70,47  1
70,48  1
70,50  1
70,51  1
70,52  1
70,53  1
70,54  1
70,55  1
70,57  1
70,58  1
70,59  1
70,60  1
70,61  1
70,62  1
70,64  1
70,65  1
70,66  1
70,67  1
70,68  1
70,69  1
71,2  1
71,3  1
71,4  1
71,5  1
71,6  1
71,9  1
71,10  1
71,11  1
71,12  1
71,13  1
71,16  1
71,17  1
71,18  1
71,19  1
71,20  1
71,23  1
71,24  1
71,25  1
71,26  1
71,27  1
71,30  1
71,31  1
71,32  1
71,33  1
71,34  1
71,37  1
71,38  1
71,39  1
71,40  1
71,41  1
71,44  1
71,45  1
71,46  1
71,47  1
71,48  1
71,51  1
71,52  1
71,53  1
71,54  1
71,55  1
71,58  1
71,59  1
71,60  1
71,61  1
71,62  1
71,65  1
71,66  1
71,67  1
71,68  1
71,69  1
72,3  1
72,4  1
72,5  1
72,6  1
72,10  1
72,11  1
72,12  1
72,13  1
72,17  1
72,18  1
72,19  1
72,20  1
72,24  1
72,25  1
72,26  1
72,27  1
72,31  1
72,32  1
72,33  1
72,34  1
72,38  1
72,39  1
72,40  1
72,41  1
72,45  1
72,46  1
72,47  1
72,48  1
72,52  1
72,53  1
72,54  1
72,55  1
72,59  1
72,60  1
72,61  1
72,62  1
72,66  1
72,67  1
72,68  1
72,69  1
73,4  1
73,5  1
73,6  1
73,11  1
73,12  1
73,13  1
73,18  1
73,19  1
73,20  1
73,25  1
73,26  1
73,27  1
73,32  1
73,33  1
73,34  1
73,39  1
73,40  1
73,41  1
73,46  1
73,47  1
73,48  1
73,53  1
73,54  1
73,55  1
73,60  1
73,61  1
73,62  1
73,67  1
73,68  1
73,69  1
74,5  1
74,6  1
74,12  1
74,13  1
74,19  1
74,20  1
74,26  1
74,27  1
74,33  1
74,34  1
74,40  1
74,41  1
74,47  1
74,48  1
74,54  1
74,55  1
74,61  1
74,62  1
74,68  1
74,69  1
75,6  1
75,13  1
75,20  1
75,27  1
75,34  1
75,41  1
75,48  1
75,55  1
75,62  1
75,69  1
77,1  1
77,2  1
77,3  1
77,4  1
77,5  1
77,6  1
77,8  1
77,9  1
77,10  1
77,11  1
77,12  1
77,13  1
77,15  1
77,16  1
77,17  1
77,18  1
77,19  1
77,20  1
77,22  1
77,23  1
77,24  1
77,25  1
77,26  1
77,27  1
77,29  1
77,30  1
77,31  1
77,32  1
77,33  1
77,34  1
77,36  1
77,37  1
77,38  1
77,39  1
77,40  1
77,41  1
77,43  1
77,44  1
77,45  1
77,46  1
77,47  1
77,48  1
77,50  1
77,51  1
77,52  1
77,53  1
77,54  1
77,55  1
77,57  1
77,58  1
77,59  1
77,60  1
77,61  1
77,62  1
77,64  1
77,65  1
77,66  1
77,67  1
77,68  1
77,69  1
77,71  1
77,72  1
77,73  1
77,74  1
77,75  1
77,76  1
78,2  1
78,3  1
78,4  1
78,5  1
78,6  1
78,9  1
78,10  1
78,11  1
78,12  1
78,13  1
78,16  1
78,17  1
78,18  1
78,19  1
78,20  1
78,23  1
78,24  1
78,25  1
78,26  1
78,27  1
78,30  1
78,31  1
78,32  1
78,33  1
78,34  1
78,37  1
78,38  1
78,39  1
78,40  1
78,41  1
78,44  1
78,45  1
78,46  1
78,47  1
78,48  1
78,51  1
78,52  1
78,53  1
78,54  1
78,55  1
78,58  1
78,59  1
78,60  1
78,61  1
78,62  1
78,65  1
78,66  1
78,67  1
78,68  1
78,69  1
78,72  1
78,73  1
78,74  1
78,75  1
78,76  1
79,3  1
79,4  1
79,5  1
79,6  1
79,10  1
79,11  1
79,12  1
79,13  1
79,17  1
79,18  1
79,19  1
79,20  1
79,24  1
79,25  1
79,26  1
79,27  1
79,31  1
79,32  1
79,33  1
79,34  1
79,38  1
79,39  1
79,40  1
79,41  1
79,45  1
79,46  1
79,47  1
79,48  1
79,52  1
79,53  1
79,54  1
79,55  1
79,59  1
79,60  1
79,61  1
79,62  1
79,66  1
79,67  1
79,68  1
79,69  1
79,73  1
79,74  1
79,75  1
79,76  1
80,4  1
80,5  1
80,6  1
80,11  1
80,12  1
80,13  1
80,18  1
80,19  1
80,20  1
80,25  1
80,26  1
80,27  1
80,32  1
80,33  1
80,34  1
80,39  1
80,40  1
80,41  1
80,46  1
80,47  1
80,48  1
80,53  1
80,54  1
80,55  1
80,60  1
80,61  1
80,62  1
80,67  1
80,68  1
80,69  1
80,74  1
80,75  1
80,76  1
81,5  1
81,6  1
81,12  1
81,13  1
81,19  1
81,20  1
81,26  1
81,27  1
81,33  1
81,34  1
81,40  1
81,41  1
81,47  1
81,48  1
81,54  1
81,55  1
81,61  1
81,62  1
81,68  1
81,69  1
81,75  1
81,76  1
82,6  1
82,13  1
82,20  1
82,27  1
82,34  1
82,41  1
82,48  1
82,55  1
82,62  1
82,69  1
82,76  1
84,1  1
84,2  1
84,3  1
84,4  1
84,5  1
84,6  1
84,8  1
84,9  1
84,10  1
84,11  1
84,12  1
84,13  1
84,15  1
84,16  1
84,17  1
84,18  1
84,19  1
84,20  1
84,22  1
84,23  1
84,24  1
84,25  1
84,26  1
84,27  1
84,29  1
84,30  1
84,31  1
84,32  1
84,33  1
84,34  1
84,36  1
84,37  1
84,38  1
84,39  1
84,40  1
84,41  1
84,43  1
84,44  1
84,45  1
84,46  1
84,47  1
84,48  1
84,50  1
84,51  1
84,52  1
84,53  1
84,54  1
84,55  1
84,57  1
84,58  1
84,59  1
84,60  1
84,61  1
84,62  1
84,64  1
84,65  1
84,66  1
84,67  1
84,68  1
84,69  1
84,71  1
84,72  1
84,73  1
84,74  1
84,75  1
84,76  1
84,78  1
84,79  1
84,80  1
84,81  1
84,82  1
84,83  1
85,2  1
85,3  1
85,4  1
85,5  1
85,6  1
85,9  1
85,10  1
85,11  1
85,12  1
85,13  1
85,16  1
85,17  1
85,18  1
85,19  1
85,20  1
85,23  1
85,24  1
85,25  1
85,26  1
85,27  1
85,30  1
85,31  1
85,32  1
85,33  1
85,34  1
85,37  1
85,38  1
85,39  1
85,40  1
85,41  1
85,44  1
85,45  1
85,46  1
85,47  1
85,48  1
85,51  1
85,52  1
85,53  1
85,54  1
85,55  1
85,58  1
85,59  1
85,60  1
85,61  1
85,62  1
85,65  1
85,66  1
85,67  1
85,68  1
85,69  1
85,72  1
85,73  1
85,74  1
85,75  1
85,76  1
85,79  1
85,80  1
85,81  1
85,82  1
85,83  1
86,3  1
86,4  1
86,5  1
86,6  1
86,10  1
86,11  1
86,12  1
86,13  1
86,17  1
86,18  1
86,19  1
86,20  1
86,24  1
86,25  1
86,26  1
86,27  1
86,31  1
86,32  1
86,33  1
86,34  1
86,38  1
86,39  1
86,40  1
86,41  1
86,45  1
86,46  1
86,47  1
86,48  1
86,52  1
86,53  1
86,54  1
86,55  1
86,59  1
86,60  1
86,61  1
86,62  1
86,66  1
86,67  1
86,68  1
86,69  1
86,73  1
86,74  1
86,75  1
86,76  1
86,80  1
86,81  1
86,82  1
86,83  1
87,4  1
87,5  1
87,6  1
87,11  1
87,12  1
87,13  1
87,18  1
87,19  1
87,20  1
87,25  1
87,26  1
87,27  1
87,32  1
87,33  1
87,34  1
87,39  1
87,40  1
87,41  1
87,46  1
87,47  1
87,48  1
87,53  1
87,54  1
87,55  1
87,60  1
87,61  1
87,62  1
87,67  1
87,68  1
87,69  1
87,74  1
87,75  1
87,76  1
87,81  1
87,82  1
87,83  1
88,5  1
88,6  1
88,12  1
88,13  1
88,19  1
88,20  1
88,26  1
88,27  1
88,33  1
88,34  1
88,40  1
88,41  1
88,47  1
88,48  1
88,54  1
88,55  1
88,61  1
88,62  1
88,68  1
88,69  1
88,75  1
88,76  1
88,82  1
88,83  1
89,6  1
89,13  1
89,20  1
89,27  1
89,34  1
89,41  1
89,48  1
89,55  1
89,62  1
89,69  1
89,76  1
89,83  1
91,1  1
91,2  1
91,3  1
91,4  1
91,5  1
91,6  1
91,8  1
91,9  1
91,10  1
91,11  1
91,12  1
91,13  1
91,15  1
91,16  1
91,17  1
91,18  1
91,19  1
91,20  1
91,22  1
91,23  1
91,24  1
91,25  1
91,26  1
91,27  1
91,29  1
91,30  1
91,31  1
91,32  1
91,33  1
91,34  1
91,36  1
91,37  1
91,38  1
91,39  1
91,40  1
91,41  1
91,43  1
91,44  1
91,45  1
91,46  1
91,47  1
91,48  1
91,50  1
91,51  1
91,52  1
91,53  1
91,54  1
91,55  1
91,57  1
91,58  1
91,59  1
91,60  1
91,61  1
91,62  1
91,64  1
91,65  1
91,66  1
91,67  1
91,68  1
91,69  1
91,71  1
91,72  1
91,73  1
91,74  1
91,75  1
91,76  1
91,78  1
91,79  1
91,80  1
91,81  1
91,82  1
91,83  1
91,85  1
91,86  1
91,87  1
91,88  1
91,89  1
91,90  1
92,2  1
92,3  1
92,4  1
92,5  1
92,6  1
92,9  1
92,10  1
92,11  1
92,12  1
92,13  1
92,16  1
92,17  1
92,18  1
92,19  1
92,20  1
92,23  1
92,24  1
92,25  1
92,26  1
92,27  1
92,30  1
92,31  1
92,32  1
92,33  1
92,34  1
92,37  1
92,38  1
92,39  1
92,40  1
92,41  1
92,44  1
92,45  1
92,46  1
92,47  1
92,48  1
92,51  1
92,52  1
92,53  1
92,54  1
92,55  1
92,58  1
92,59  1
92,60  1
92,61  1
92,62  1
92,65  1
92,66  1
92,67  1
92,68  1
92,69  1
92,72  1
92,73  1
92,74  1
92,75  1
92,76  1
92,79  1
92,80  1
92,81  1
92,82  1
92,83  1
92,86  1
92,87  1
92,88  1
92,89  1
92,90  1
93,3  1
93,4  1
93,5  1
93,6  1
93,10  1
93,11  1
93,12  1
93,13  1
93,17  1
93,18  1
93,19  1
93,20  1
93,24  1
93,25  1
93,26  1
93,27  1
93,31  1
93,32  1
93,33  1
93,34  1
93,38  1
93,39  1
93,40  1
93,41  1
93,45  1
93,46  1
93,47  1
93,48  1
93,52  1
93,53  1
93,54  1
93,55  1
93,59  1
93,60  1
93,61  1
93,62  1
93,66  1
93,67  1
93,68  1
93,69  1
93,73  1
93,74  1
93,75  1
93,76  1
93,80  1
93,81  1
93,82  1
93,83  1
93,87  1
93,88  1
93,89  1
93,90  1
94,4  1
94,5  1
94,6  1
94,11  1
94,12  1
94,13  1
94,18  1
94,19  1
94,20  1
94,25  1
94,26  1
94,27  1
94,32  1
94,33  1
94,34  1
94,39  1
94,40  1
94,41  1
94,46  1
94,47  1
94,48  1
94,53  1
94,54  1
94,55  1
94,60  1
94,61  1
94,62  1
94,67  1
94,68  1
94,69  1
94,74  1
94,75  1
94,76  1
94,81  1
94,82  1
94,83  1
94,88  1
94,89  1
94,90  1
95,5  1
95,6  1
95,12  1
95,13  1
95,19  1
95,20  1
95,26  1
95,27  1
95,33  1
95,34  1
95,40  1
95,41  1
95,47  1
95,48  1
95,54  1
95,55  1
95,61  1
95,62  1
95,68  1
95,69  1
95,75  1
95,76  1
95,82  1
95,83  1
95,89  1
95,90  1
96,6  1
96,13  1
96,20  1
96,27  1
96,34  1
96,41  1
96,48  1
96,55  1
96,62  1
96,69  1
96,76  1
96,83  1
96,90  1
98,1  1
98,2  1
98,3  1
98,4  1
98,5  1
98,6  1
98,8  1
98,9  1
98,10  1
98,11  1
98,12  1
98,13  1
98,15  1
98,16  1
98,17  1
98,18  1
98,19  1
98,20  1
98,22  1
98,23  1
98,24  1
98,25  1
98,26  1
98,27  1
98,29  1
98,30  1
98,31  1
98,32  1
98,33  1
98,34  1
98,36  1
98,37  1
98,38  1
98,39  1
98,40  1
98,41  1
98,43  1
98,44  1
98,45  1
98,46  1
98,47  1
98,48  1
98,50  1
98,51  1
98,52  1
98,53  1
98,54  1
98,55  1
98,57  1
98,58  1
98,59  1
98,60  1
98,61  1
98,62  1
98,64  1
98,65  1
98,66  1
98,67  1
98,68  1
98,69  1
98,71  1
98,72  1
98,73  1
98,74  1
98,75  1
98,76  1
98,78  1
98,79  1
98,80  1
98,81  1
98,82  1
98,83  1
98,85  1
98,86  1
98,87  1
98,88  1
98,89  1
98,90  1
98,92  1
98,93  1
98,94  1
98,95  1
98,96  1
98,97  1
99,2  1
99,3  1
99,4  1
99,5  1
99,6  1
99,9  1
99,10  1
99,11  1
99,12  1
99,13  1
99,16  1
99,17  1
99,18  1
99,19  1
99,20  1
99,23  1
99,24  1
99,25  1
99,26  1
99,27  1
99,30  1
99,31  1
99,32  1
99,33  1
99,34  1
99,37  1
99,38  1
99,39  1
99,40  1
99,41  1
99,44  1
99,45  1
99,46  1
99,47  1
99,48  1
99,51  1
99,52  1
99,53  1
99,54  1
99,55  1
99,58  1
99,59  1
99,60  1
99,61  1
99,62  1
99,65  1
99,66  1
99,67  1
99,68  1
99,69  1
99,72  1
99,73  1
99,74  1
99,75  1
99,76  1
99,79  1
99,80  1
99,81  1
99,82  1
99,83  1
99,86  1
99,87  1
99,88  1
99,89  1
99,90  1
99,93  1
99,94  1
99,95  1
99,96  1
99,97  1
2985
